1746700236
1746701013
1746702722
1746704143
1746707258
1746709562
1746711719
1746713641
1746717420
1746721217
1746724415
1746728524
1746731571
1746735466
1746762275
1746765143
1746768468
1746772661
1746775566
1746778856
1746779663
1746782205
1746782906
1746785801
1746786587
1746789167
1746789701
1746793886
1746797178
1746800133
1746803778
1746807556
1746810840
1746814885
1746817953
1746821856
1746848360
1746851484
1746854735
1746858814
1746861780
1746865833
1746869077
1746872875
1746876086
1746935223
1746937924
1746938144
1746941176
1746945292
1746948232
1746952290
1746952459
1746955496
1746959216
1746962406
1746977369
1747021715
1747024363
1747024651
1747027711
1747031936
1747034810
1747038141
